tsp_100_1   24373.4   22473.1   8,
tsp_100_2   24677.9   25737.9   4,
tsp_100_3   27700.1   23105.4   17,
tsp_100_4   24447.1   25101.3   3,
tsp_100_5   25773.3   26372.6   2,
tsp_100_6   8928.46   8420.94   6,
tsp_1000_1   2.21674e+07   2.2362e+07   1,
tsp_101_1   689.954   705.986   2,
tsp_105_1   15873.4   16167.4   2,
tsp_1060_1   248137   249946   1,
tsp_107_1   47222.9   48098.4   2,
tsp_1173_1   63357   66614.7   5,
tsp_11849_1   1.07112e+06   1.16112e+06   8,
tsp_124_1   63099.9   70112.6   11,
tsp_127_1   143296   131615   8,
tsp_1291_1   57189.1   62323.8   9,
tsp_1304_1   289240   303752   5,
tsp_1323_1   309490   341323   10,
tsp_136_1   111539   109612   2,
tsp_1379_1   63839.9   66622.5   4,
tsp_1400_1   22579.4   22737.6   1,
tsp_14051_1   536829   563445   5,
tsp_1432_1   170001   170950   1,
tsp_144_1   62998.2   67696   7,
tsp_150_1   31271.4   30754   2,
tsp_150_2   29640.9   30534.2   3,
tsp_152_1   77724.9   75654.1   3,
tsp_1577_1   24431   24895.3   2,
tsp_159_1   42975.8   42975.8   0,
tsp_1655_1   71920.6   74701.2   4,
tsp_1748_1   377553   409986   9,
tsp_1817_1   65462   67285.7   3,
tsp_18512_1   732434   773574   6,
tsp_1889_1   368168   391513   6,
tsp_195_1   2562.5   2491.45   3,
tsp_198_1   16445.8   17356.9   6,
tsp_200_1   33283.5   34529   4,
tsp_200_2   32987   34686.1   5,
tsp_2103_1   89773.5   91509.6   2,
tsp_2152_1   73557.3   75177.5   2,
tsp_225_1   141351   141220   0,
tsp_226_1   90543.4   89714.7   1,
tsp_2319_1   255589   255936   0,
tsp_2392_1   378063   378063   0,
tsp_262_1   2687.77   2870.53   7,
tsp_264_1   55830.7   60127.6   8,
tsp_299_1   53901.7   57407.2   7,
tsp_3038_1   155055   161304   4,
tsp_318_1   47708.5   50706.4   6,
tsp_318_2   47708.5   50706.4   6,
tsp_33810_1   7.50041e+07   7.78362e+07   4,
tsp_3795_1   32201.9   32934   2,
tsp_400_1   17608.8   17808.6   1,
tsp_417_1   13390.6   12880.6   4,
tsp_442_1   56253.3   61049.3   9,
tsp_4461_1   206362   218318   6,
tsp_493_1   38020.8   39451.5   4,
tsp_5_1   4   4   0,
tsp_51_1   473.21   472.201   0,
tsp_574_1   39403.4   39698.4   1,
tsp_575_1   7581.92   7663.86   1,
tsp_5915_1   654491   700094   7,
tsp_5934_1   646472   684869   6,
tsp_654_1   36445.8   37282.3   2,
tsp_70_1   720.722   750.391   4,
tsp_724_1   47899.7   48983.2   2,
tsp_7397_1   2.59844e+07   2.78138e+07   7,
tsp_76_1   586.61   615.103   5,
tsp_76_2   127913   133981   5,
tsp_783_1   9885.71   10098.4   2,
tsp_99_1   1347.55   1339.84   1,